M9118 20200305060000 315812 1194129 00050 999 000
TH 0879 0870 0545 0891 0507 1029 035 033 0538 049
RE 0000
WI 084 025 091 022 108 026 0553 078 019 080 049 0523 078 034
RT 0814 0791 0501 0814 0558 0826
VV 14560 17379 0557
RS ------ ----- ---- ---- ---- ---
WW ------------
MR 000000000000000000000000000000000000000000000000000000000000000000000000000000000000000000000000000000000000000000000000
QC
Q1 9999999999 9 99999999999999 999999 999 999999 9 999999999999999999999999999999999999999999999999999999999999
Q2 9999999999 9 99999999999999 999999 999 999999 9 999999999999999999999999999999999999999999999999999999999999
Q3 9999999999 9 99999999999999 999999 999 999999 9 999999999999999999999999999999999999999999999999999999999999=
M9116 20200305060000 315215 1195427 00050 999 000
TH 0872 0868 0551 0885 0504 1039 031 030 0552 046
RE 0000
WI 053 023 079 020 042 020 0526 057 031 135 048 0553 057 045
RT 0752 0752 0549 0766 0501 0845
VV 42634 38642 0508
RS ------ ----- ---- ---- ---- ---
WW ------------
MR 000000000000000000000000000000000000000000000000000000000000000000000000000000000000000000000000000000000000000000000000
QC
Q1 9999999999 9 99999999999999 999999 999 999999 9 999999999999999999999999999999999999999999999999999999999999
Q2 9999999999 9 99999999999999 999999 999 999999 9 999999999999999999999999999999999999999999999999999999999999
Q3 9999999999 9 99999999999999 999999 999 999999 9 999999999999999999999999999999999999999999999999999999999999=
M9120 20200305060000 320244 1193220 00060 999 000
TH 0874 0869 0541 0886 0511 1024 035 032 0542 051
RE 0000
WI 302 022 014 016 131 020 0529 313 023 288 054 0551 313 051
RT 0839 0839 0600 0855 0501 0865
VV 07853 27739 0519
RS ------ ----- ---- ---- ---- ---
WW ------------
MR 000000000000000000000000000000000000000000000000000000000000000000000000000000000000000000000000000000000000000000000000
QC
Q1 9999999999 9 99999999999999 999999 999 999999 9 999999999999999999999999999999999999999999999999999999999999
Q2 9999999999 9 99999999999999 999999 999 999999 9 999999999999999999999999999999999999999999999999999999999999
Q3 9999999999 9 99999999999999 999999 999 999999 9 999999999999999999999999999999999999999999999999999999999999=
M9126 20200305060000 320357 1185438 00500 999 000
TH 0876 0873 0558 0883 0503 1042 031 031 0600 045
RE 0000
WI 101 030 126 019 089 025 0538 103 023 099 057 0559 103 036
RT 0858 0858 0547 0861 0501 0880
VV 18797 13952 0510
RS ------ ----- ---- ---- ---- ---
WW ------------
MR 000000000000000000000000000000000000000000000000000000000000000000000000000000000000000000000000000000000000000000000000
QC
Q1 9999999999 9 99999999999999 999999 999 999999 9 999999999999999999999999999999999999999999999999999999999999
Q2 9999999999 9 99999999999999 999999 999 999999 9 999999999999999999999999999999999999999999999999999999999999
Q3 9999999999 9 99999999999999 999999 999 999999 9 999999999999999999999999999999999999999999999999999999999999=
M9114 20200305060000 314140 1201454 00070 999 000
TH 0888 0878 0551 0895 0501 1045 033 031 0551 044
RE 0000
WI 103 034 119 032 147 038 0518 129 045 147 072 0519 129 071
RT 0749 0748 0533 0754 0501 0845
VV 65535 00000 0600
RS 11---- 00000 0000 0000 ---- ---
WW ------------
MR 000000000000000000000000000000000000000000000000000000000000000000000000000000000000000000000000000000000000000000000000
QC
Q1 9999999999 9 99999999999999 999999 999 999999 9 999999999999999999999999999999999999999999999999999999999999
Q2 9999999999 9 99999999999999 999999 999 999999 9 999999999999999999999999999999999999999999999999999999999999
Q3 9999999999 9 99999999999999 999999 999 999999 9 999999999999999999999999999999999999999999999999999999999999=
M9125 20200305060000 320334 1190135 01000 999 000
TH 0882 0878 0546 0887 0504 1024 037 034 0508 051
RE 0000
WI 120 014 115 018 100 023 0501 129 014 079 055 0519 129 053
RT 0854 0851 0501 0854 0559 0882
VV 29188 07685 0523
RS ------ ----- ---- ---- ---- ---
WW ------------
MR 000000000000000000000000000000000000000000000000000000000000000000000000000000000000000000000000000000000000000000000000
QC
Q1 9999999999 9 99999999999999 999999 999 999999 9 999999999999999999999999999999999999999999999999999999999999
Q2 9999999999 9 99999999999999 999999 999 999999 9 999999999999999999999999999999999999999999999999999999999999
Q3 9999999999 9 99999999999999 999999 999 999999 9 999999999999999999999999999999999999999999999999999999999999=
M9123 20200305060000 320249 1191047 00320 999 000
TH 0879 0874 0509 0885 0515 1029 035 034 0539 049
RE 0000
WI 182 013 179 015 167 016 0519 193 009 109 045 0519 193 016
RT 0829 0829 0558 0869 0501 0879
VV 20114 12385 0536
RS ------ ----- ---- ---- ---- ---
WW ------------
MR 000000000000000000000000000000000000000000000000000000000000000000000000000000000000000000000000000000000000000000000000
QC
Q1 9999999999 9 99999999999999 999999 999 999999 9 999999999999999999999999999999999999999999999999999999999999
Q2 9999999999 9 99999999999999 999999 999 999999 9 999999999999999999999999999999999999999999999999999999999999
Q3 9999999999 9 99999999999999 999999 999 999999 9 999999999999999999999999999999999999999999999999999999999999=
M9101 20200305060000 311917 1210429 00040 999 000
TH 0882 0881 0517 0891 0507 1044 032 032 0502 044
RE 0000
WI 359 011 321 014 339 016 0555 292 015 337 043 0539 292 019
RT 0897 0897 0558 0901 0509 0905
VV 06130 04492 0501
RS ------ ----- ---- ---- ---- ---
WW ------------
MR 000000000000000000000000000000000000000000000000000000000000000000000000000000000000000000000000000000000000000000000000
QC
Q1 9999999999 9 99999999999999 999999 999 999999 9 999999999999999999999999999999999999999999999999999999999999
Q2 9999999999 9 99999999999999 999999 999 999999 9 999999999999999999999999999999999999999999999999999999999999
Q3 9999999999 9 99999999999999 999999 999 999999 9 999999999999999999999999999999999999999999999999999999999999=
M9121 20200305060000 320319 1192840 00060 999 000
TH 0878 0869 0543 0886 0523 1024 036 033 0515 051
RE 0000
WI 010 014 001 017 005 018 0522 007 009 358 053 0554 007 032
RT 0877 0877 0557 0887 0501 0887
VV 19305 16104 0557
RS ------ ----- ---- ---- ---- ---
WW ------------
MR 000000000000000000000000000000000000000000000000000000000000000000000000000000000000000000000000000000000000000000000000
QC
Q1 9999999999 9 99999999999999 999999 999 999999 9 999999999999999999999999999999999999999999999999999999999999
Q2 9999999999 9 99999999999999 999999 999 999999 9 999999999999999999999999999999999999999999999999999999999999
Q3 9999999999 9 99999999999999 999999 999 999999 9 999999999999999999999999999999999999999999999999999999999999=
M9204 20200305060000 315925 1200059 00110 999 000
TH 0887 0878 0547 0894 0557 1052 031 027 0548 041
RE 0000
WI PPC 000 165 009 152 012 0555 144 001 162 039 0554 144 003
RT ---- ---- ---- ---- ---- ----
VV 20000 16048 0547
RS ------ ----- ---- ---- ---- ---
WW ------------
MR 000000000000000000000000000000000000000000000000000000000000000000000000000000000000000000000000000000000000000000000000
QC
Q1 9999999999 9 99999999999999 999999 999 999999 9 999999999999999999999999999999999999999999999999999999999999
Q2 9999999999 9 99999999999999 999999 999 999999 9 999999999999999999999999999999999999999999999999999999999999
Q3 9999999999 9 99999999999999 999999 999 999999 9 999999999999999999999999999999999999999999999999999999999999=
M9228 20200305060000 321406 1191308 00060 999 000
TH 0889 0884 0554 0899 0512 1023 039 036 0527 052
RE 0000
WI 126 042 129 033 135 041 0541 127 035 138 063 0537 127 054
RT ---- ---- ---- ---- ---- ----
VV 23104 26266 0557
RS ------ ----- ---- ---- ---- ---
WW ------------
MR 000000000000000000000000000000000000000000000000000000000000000000000000000000000000000000000000000000000000000000000000
QC
Q1 9999999999 9 99999999999999 999999 999 999999 9 999999999999999999999999999999999999999999999999999999999999
Q2 9999999999 9 99999999999999 999999 999 999999 9 999999999999999999999999999999999999999999999999999999999999
Q3 9999999999 9 99999999999999 999999 999 999999 9 999999999999999999999999999999999999999999999999999999999999=
M9222 20200305060000 321225 1194004 00110 999 000
TH 0894 0893 0535 0901 0502 1050 033 033 0559 042
RE 0000
WI 076 024 102 029 049 030 0538 084 034 006 055 0535 084 044
RT ---- ---- ---- ---- ---- ----
VV 19448 14731 0523
RS ------ ----- ---- ---- ---- ---
WW ------------
MR 000000000000000000000000000000000000000000000000000000000000000000000000000000000000000000000000000000000000000000000000
QC
Q1 9999999999 9 99999999999999 999999 999 999999 9 999999999999999999999999999999999999999999999999999999999999
Q2 9999999999 9 99999999999999 999999 999 999999 9 999999999999999999999999999999999999999999999999999999999999
Q3 9999999999 9 99999999999999 999999 999 999999 9 999999999999999999999999999999999999999999999999999999999999=
M9210 20200305060000 314108 1205205 00010 999 000
TH 0917 0909 0506 0923 0549 1007 053 035 0538 058
RE 0000
WI 108 029 115 031 048 032 0511 100 027 034 061 0506 100 037
RT ---- ---- ---- ---- ---- ----
VV 35000 27622 0526
RS ------ ----- ---- ---- ---- ---
WW ------------
MR 000000000000000000000000000000000000000000000000000000000000000000000000000000000000000000000000000000000000000000000000
QC
Q1 9999999999 9 99999999999999 999999 999 999999 9 999999999999999999999999999999999999999999999999999999999999
Q2 9999999999 9 99999999999999 999999 999 999999 9 999999999999999999999999999999999999999999999999999999999999
Q3 9999999999 9 99999999999999 999999 999 999999 9 999999999999999999999999999999999999999999999999999999999999=
M9206 20200305060000 315543 1201513 00130 999 000
TH 0907 0906 0536 0910 0502 1046 037 033 0502 043
RE 0000
WI 053 046 053 049 052 049 0558 052 033 049 068 0554 052 054
RT ---- ---- ---- ---- ---- ----
VV 20000 20000 0501
RS ------ ----- ---- ---- ---- ---
WW ------------
MR 000000000000000000000000000000000000000000000000000000000000000000000000000000000000000000000000000000000000000000000000
QC
Q1 9999999999 9 99999999999999 999999 999 999999 9 999999999999999999999999999999999999999999999999999999999999
Q2 9999999999 9 99999999999999 999999 999 999999 9 999999999999999999999999999999999999999999999999999999999999
Q3 9999999999 9 99999999999999 999999 999 999999 9 999999999999999999999999999999999999999999999999999999999999=
M9202 20200305060000 321758 1195036 00080 999 000
TH 0893 0886 0528 0898 0502 1041 035 033 0529 045
RE 0000
WI 073 015 123 025 134 027 0536 048 005 139 059 0535 048 015
RT ---- ---- ---- ---- ---- ----
VV ----- ----- 0600
RS ------ ----- ---- ---- ---- ---
WW ------------
MR 000000000000000000000000000000000000000000000000000000000000000000000000000000000000000000000000000000000000000000000000
QC
Q1 9999999999 9 99999999999999 999999 999 999999 9 999999999999999999999999999999999999999999999999999999999999
Q2 9999999999 9 99999999999999 999999 999 999999 9 999999999999999999999999999999999999999999999999999999999999
Q3 9999999999 9 99999999999999 999999 999 999999 9 999999999999999999999999999999999999999999999999999999999999=
M9214 20200305060000 320000 1202351 00050 999 000
TH 0907 0906 0548 0911 0501 1026 043 038 0550 050
RE 0000
WI 044 040 045 044 043 045 0558 045 042 044 063 0508 045 050
RT ---- ---- ---- ---- ---- ----
VV 21487 18534 0508
RS ------ ----- ---- ---- ---- ---
WW ------------
MR 000000000000000000000000000000000000000000000000000000000000000000000000000000000000000000000000000000000000000000000000
QC
Q1 9999999999 9 99999999999999 999999 999 999999 9 999999999999999999999999999999999999999999999999999999999999
Q2 9999999999 9 99999999999999 999999 999 999999 9 999999999999999999999999999999999999999999999999999999999999
Q3 9999999999 9 99999999999999 999999 999 999999 9 999999999999999999999999999999999999999999999999999999999999=
M9279 20200305060000 311244 1195456 00190 999 000
TH 0893 0890 0522 0898 0502 1017 042 042 0556 054
RE 0000
WI 103 019 099 020 119 023 0541 104 026 127 045 0523 104 029
RT 0720 0719 0535 0724 0501 0765
VV 33843 21748 0525
RS ------ ----- ---- ---- ---- ---
WW ------------
MR 000000000000000000000000000000000000000000000000000000000000000000000000000000000000000000000000000000000000000000000000
QC
Q1 9999999999 9 99999999999999 999999 999 999999 9 999999999999999999999999999999999999999999999999999999999999
Q2 9999999999 9 99999999999999 999999 999 999999 9 999999999999999999999999999999999999999999999999999999999999
Q3 9999999999 9 99999999999999 999999 999 999999 9 999999999999999999999999999999999999999999999999999999999999=
M9258 20200305060000 314229 1200341 00090 999 000
TH 0874 0874 0519 0886 0534 1028 034 031 0552 050
RE 0000
WI 080 014 132 021 138 025 0537 050 016 181 054 0556 050 025
RT 0684 0681 0529 0690 0501 0809
VV 48309 39420 0556
RS ------ ----- ---- ---- ---- ---
WW ------------
MR 000000000000000000000000000000000000000000000000000000000000000000000000000000000000000000000000000000000000000000000000
QC
Q1 9999999999 9 99999999999999 999999 999 999999 9 999999999999999999999999999999999999999999999999999999999999
Q2 9999999999 9 99999999999999 999999 999 999999 9 999999999999999999999999999999999999999999999999999999999999
Q3 9999999999 9 99999999999999 999999 999 999999 9 999999999999999999999999999999999999999999999999999999999999=
M9211 20200305060000 313629 1214453 00020 999 000
TH 0904 0901 0508 0911 0503 1033 040 034 0528 048
RE 0000
WI 086 024 079 020 065 028 0554 083 019 034 063 0532 083 032
RT ---- ---- ---- ---- ---- ----
VV 32852 20471 0514
RS ------ ----- ---- ---- ---- ---
WW ------------
MR 000000000000000000000000000000000000000000000000000000000000000000000000000000000000000000000000000000000000000000000000
QC
Q1 9999999999 9 99999999999999 999999 999 999999 9 999999999999999999999999999999999999999999999999999999999999
Q2 9999999999 9 99999999999999 999999 999 999999 9 999999999999999999999999999999999999999999999999999999999999
Q3 9999999999 9 99999999999999 999999 999 999999 9 999999999999999999999999999999999999999999999999999999999999=
M9205 20200305060000 315659 1200451 00080 999 000
TH 0902 0902 0548 0907 0501 1057 033 032 0559 040
RE 0000
WI 097 039 097 039 097 042 0515 101 032 096 054 0520 101 043
RT ---- ---- ---- ---- ---- ----
VV 20000 20000 0501
RS ------ ----- ---- ---- ---- ---
WW ------------
MR 000000000000000000000000000000000000000000000000000000000000000000000000000000000000000000000000000000000000000000000000
QC
Q1 9999999999 9 99999999999999 999999 999 999999 9 999999999999999999999999999999999999999999999999999999999999
Q2 9999999999 9 99999999999999 999999 999 999999 9 999999999999999999999999999999999999999999999999999999999999
Q3 9999999999 9 99999999999999 999999 999 999999 9 999999999999999999999999999999999999999999999999999999999999=
M9218 20200305060000 315909 1204414 00040 999 000
TH 0899 0895 0555 0913 0517 1047 035 032 0533 043
RE 0000
WI 087 017 093 014 074 017 0548 084 020 079 037 0529 084 023
RT ---- ---- ---- ---- ---- ----
VV 26798 19989 0517
RS ------ ----- ---- ---- ---- ---
WW ------------
MR 000000000000000000000000000000000000000000000000000000000000000000000000000000000000000000000000000000000000000000000000
QC
Q1 9999999999 9 99999999999999 999999 999 999999 9 999999999999999999999999999999999999999999999999999999999999
Q2 9999999999 9 99999999999999 999999 999 999999 9 999999999999999999999999999999999999999999999999999999999999
Q3 9999999999 9 99999999999999 999999 999 999999 9 999999999999999999999999999999999999999999999999999999999999=
M9225 20200305060000 321634 1192751 00220 999 000
TH 0892 0890 0540 0899 0511 1013 043 035 0503 056
RE 0000
WI 113 019 101 019 098 024 0509 115 014 097 041 0515 115 023
RT ---- ---- ---- ---- ---- ----
VV 15071 11454 0546
RS ------ ----- ---- ---- ---- ---
WW ------------
MR 000000000000000000000000000000000000000000000000000000000000000000000000000000000000000000000000000000000000000000000000
QC
Q1 9999999999 9 99999999999999 999999 999 999999 9 999999999999999999999999999999999999999999999999999999999999
Q2 9999999999 9 99999999999999 999999 999 999999 9 999999999999999999999999999999999999999999999999999999999999
Q3 9999999999 9 99999999999999 999999 999 999999 9 999999999999999999999999999999999999999999999999999999999999=
M9217 20200305060000 315008 1205030 00010 999 000
TH 0911 0896 0549 0917 0503 1030 043 039 0519 049
RE 0000
WI 184 015 187 015 199 016 0505 189 015 183 025 0504 189 020
RT ---- ---- ---- ---- ---- ----
VV 17562 15112 0537
RS ------ ----- ---- ---- ---- ---
WW ------------
MR 000000000000000000000000000000000000000000000000000000000000000000000000000000000000000000000000000000000000000000000000
QC
Q1 9999999999 9 99999999999999 999999 999 999999 9 999999999999999999999999999999999999999999999999999999999999
Q2 9999999999 9 99999999999999 999999 999 999999 9 999999999999999999999999999999999999999999999999999999999999
Q3 9999999999 9 99999999999999 999999 999 999999 9 999999999999999999999999999999999999999999999999999999999999=
M9275 20200305060000 312259 1193048 00140 999 000
TH 0878 0871 0529 0880 0522 1021 037 035 0517 053
RE 0000
WI 062 011 083 023 069 027 0538 045 013 072 063 0532 045 021
RT 0741 0702 0517 0741 0600 0817
VV 10000 10000 0501
RS ------ ----- ---- ---- ---- ---
WW ------------
MR 000000000000000000000000000000000000000000000000000000000000000000000000000000000000000000000000000000000000000000000000
QC
Q1 9999999999 9 99999999999999 999999 999 999999 9 999999999999999999999999999999999999999999999999999999999999
Q2 9999999999 9 99999999999999 999999 999 999999 9 999999999999999999999999999999999999999999999999999999999999
Q3 9999999999 9 99999999999999 999999 999 999999 9 999999999999999999999999999999999999999999999999999999999999=
M9485 20200305060000 312734 1201957 00020 999 000
TH 0881 0879 0542 0894 0521 1023 037 036 0544 052
RE 0000
WI 154 012 134 013 147 020 0504 149 007 153 035 0503 149 024
RT 0742 0742 0555 0750 0501 0805
VV 09412 08858 0530
RS ------ ----- ---- ---- ---- ---
WW ------------
MR 000000000000000000000000000000000000000000000000000000000000000000000000000000000000000000000000000000000000000000000000
QC
Q1 9999999999 9 99999999999999 999999 999 999999 9 999999999999999999999999999999999999999999999999999999999999
Q2 9999999999 9 99999999999999 999999 999 999999 9 999999999999999999999999999999999999999999999999999999999999
Q3 9999999999 9 99999999999999 999999 999 999999 9 999999999999999999999999999999999999999999999999999999999999=
M9224 20200305060000 321356 1192137 00060 999 000
TH 0884 0879 0528 0890 0535 1026 037 035 0544 051
RE 0000
WI 091 044 066 030 107 031 0549 098 046 074 066 0548 098 059
RT ---- ---- ---- ---- ---- ----
VV 10373 07644 0548
RS ------ ----- ---- ---- ---- ---
WW ------------
MR 000000000000000000000000000000000000000000000000000000000000000000000000000000000000000000000000000000000000000000000000
QC
Q1 9999999999 9 99999999999999 999999 999 999999 9 999999999999999999999999999999999999999999999999999999999999
Q2 9999999999 9 99999999999999 999999 999 999999 9 999999999999999999999999999999999999999999999999999999999999
Q3 9999999999 9 99999999999999 999999 999 999999 9 999999999999999999999999999999999999999999999999999999999999=
M9253 20200305060000 314223 1205009 00030 999 000
TH 0888 0885 0549 0900 0504 1033 036 033 0538 048
RE 0000
WI 101 012 099 015 117 017 0554 103 007 110 044 0553 103 019
RT 0679 0677 0544 0685 0501 0793
VV ----- ----- 0600
RS ------ ----- ---- ---- ---- ---
WW ------------
MR 000000000000000000000000000000000000000000000000000000000000000000000000000000000000000000000000000000000000000000000000
QC
Q1 9999999999 9 99999999999999 999999 999 999999 9 999999999999999999999999999999999999999999999999999999999999
Q2 9999999999 9 99999999999999 999999 999 999999 9 999999999999999999999999999999999999999999999999999999999999
Q3 9999999999 9 99999999999999 999999 999 999999 9 999999999999999999999999999999999999999999999999999999999999=
M9254 20200305060000 314615 1203941 00050 999 000
TH 0894 0890 0538 0901 0533 1054 032 029 0556 041
RE 0000
WI 098 026 095 012 043 022 0546 095 019 014 045 0538 095 037
RT 0696 0696 0555 0709 0501 0802
VV 27929 31246 0521
RS ------ ----- ---- ---- ---- ---
WW ------------
MR 000000000000000000000000000000000000000000000000000000000000000000000000000000000000000000000000000000000000000000000000
QC
Q1 9999999999 9 99999999999999 999999 999 999999 9 999999999999999999999999999999999999999999999999999999999999
Q2 9999999999 9 99999999999999 999999 999 999999 9 999999999999999999999999999999999999999999999999999999999999
Q3 9999999999 9 99999999999999 999999 999 999999 9 999999999999999999999999999999999999999999999999999999999999=
M9255 20200305060000 314840 1202919 00060 999 000
TH 0884 0883 0541 0893 0519 1058 029 028 0510 040
RE 0000
WI 102 018 091 015 059 019 0532 110 030 078 040 0516 110 030
RT 0726 0726 0559 0747 0501 0809
VV ----- ----- 0600
RS ------ ----- ---- ---- ---- ---
WW ------------
MR 000000000000000000000000000000000000000000000000000000000000000000000000000000000000000000000000000000000000000000000000
QC
Q1 9999999999 9 99999999999999 999999 999 999999 9 999999999999999999999999999999999999999999999999999999999999
Q2 9999999999 9 99999999999999 999999 999 999999 9 999999999999999999999999999999999999999999999999999999999999
Q3 9999999999 9 99999999999999 999999 999 999999 9 999999999999999999999999999999999999999999999999999999999999=
M9256 20200305060000 314910 1202120 00080 999 000
TH 0873 0869 0521 0885 0506 1044 030 029 0504 044
RE 0000
WI 209 007 204 008 274 013 0501 200 006 287 040 0505 200 012
RT 0702 0701 0555 0719 0501 0824
VV ----- ----- 0600
RS ------ ----- ---- ---- ---- ---
WW ------------
MR 000000000000000000000000000000000000000000000000000000000000000000000000000000000000000000000000000000000000000000000000
QC
Q1 9999999999 9 99999999999999 999999 999 999999 9 999999999999999999999999999999999999999999999999999999999999
Q2 9999999999 9 99999999999999 999999 999 999999 9 999999999999999999999999999999999999999999999999999999999999
Q3 9999999999 9 99999999999999 999999 999 999999 9 999999999999999999999999999999999999999999999999999999999999=
M9215 20200305060000 315803 1202526 00080 999 000
TH 0904 0902 0554 0910 0505 1047 036 033 0520 043
RE 0000
WI 075 032 062 026 074 039 0535 075 028 070 057 0507 075 035
RT ---- ---- ---- ---- ---- ----
VV 09620 09051 0534
RS ------ ----- ---- ---- ---- ---
WW ------------
MR 000000000000000000000000000000000000000000000000000000000000000000000000000000000000000000000000000000000000000000000000
QC
Q1 9999999999 9 99999999999999 999999 999 999999 9 999999999999999999999999999999999999999999999999999999999999
Q2 9999999999 9 99999999999999 999999 999 999999 9 999999999999999999999999999999999999999999999999999999999999
Q3 9999999999 9 99999999999999 999999 999 999999 9 999999999999999999999999999999999999999999999999999999999999=
M9251 20200305060000 312957 1210814 00030 999 000
TH 0900 0897 0552 0906 0501 1055 033 032 0552 040
RE 0000
WI 202 010 060 016 065 030 0535 097 014 028 060 0502 097 020
RT 0729 0729 0600 0740 0501 0814
VV 35000 35000 0501
RS ------ ----- ---- ---- ---- ---
WW ------------
MR 000000000000000000000000000000000000000000000000000000000000000000000000000000000000000000000000000000000000000000000000
QC
Q1 9999999999 9 99999999999999 999999 999 999999 9 999999999999999999999999999999999999999999999999999999999999
Q2 9999999999 9 99999999999999 999999 999 999999 9 999999999999999999999999999999999999999999999999999999999999
Q3 9999999999 9 99999999999999 999999 999 999999 9 999999999999999999999999999999999999999999999999999999999999=
NNNN