M9113 20200305060000 314640 1200505 00070 999 000
TH 0878 0871 0541 0884 0502 1044 031 030 0526 044
RE 0000
WI 020 022 010 022 063 025 0525 037 018 078 051 0518 037 044
RT 0751 0751 0559 0818 0501 0837
VV 22496 29850 0600
RS ------ ----- ---- ---- ---- ---
WW ------------
MR 000000000000000000000000000000000000000000000000000000000000000000000000000000000000000000000000000000000000000000000000
QC
Q1 9999999999 9 99999999999999 999999 999 999999 9 999999999999999999999999999999999999999999999999999999999999
Q2 9999999999 9 99999999999999 999999 999 999999 9 999999999999999999999999999999999999999999999999999999999999
Q3 9999999999 9 99999999999999 999999 999 999999 9 999999999999999999999999999999999999999999999999999999999999=
M9103 20200305060000 312014 1205859 00030 999 000
TH 0881 0878 0545 0887 0520 1043 032 031 0536 045
RE 0000
WI 316 019 330 017 351 019 0537 329 027 330 054 0557 329 035
RT 0828 0807 0501 0829 0548 0858
VV 35000 30620 0506
RS ------ ----- ---- ---- ---- ---
WW ------------
MR 000000000000000000000000000000000000000000000000000000000000000000000000000000000000000000000000000000000000000000000000
QC
Q1 9999999999 9 99999999999999 999999 999 999999 9 999999999999999999999999999999999999999999999999999999999999
Q2 9999999999 9 99999999999999 999999 999 999999 9 999999999999999999999999999999999999999999999999999999999999
Q3 9999999999 9 99999999999999 999999 999 999999 9 999999999999999999999999999999999999999999999999999999999999=
M9111 20200305060000 313802 1201944 00040 999 000
TH 0876 0867 0526 0886 0502 1030 034 028 0527 049
RE 0000
WI 181 011 005 015 004 031 0501 220 007 003 057 0534 220 016
RT 0795 0795 0600 0827 0531 0848
VV 65535 00000 0600
RS ------ ----- ---- ---- ---- ---
WW ------------
MR 000000000000000000000000000000000000000000000000000000000000000000000000000000000000000000000000000000000000000000000000
QC
Q1 9999999999 9 99999999999999 999999 999 999999 9 999999999999999999999999999999999999999999999999999999999999
Q2 9999999999 9 99999999999999 999999 999 999999 9 999999999999999999999999999999999999999999999999999999999999
Q3 9999999999 9 99999999999999 999999 999 999999 9 999999999999999999999999999999999999999999999999999999999999=
M9109 20200305060000 313056 1202631 00060 999 000
TH 0882 0878 0559 0894 0540 1039 033 033 0600 046
RE 0000
WI 123 018 029 012 083 020 0505 133 011 050 041 0535 133 028
RT 0790 0790 0559 0863 0501 0872
VV 15230 15566 0534
RS ------ ----- ---- ---- ---- ---
WW ------------
MR 000000000000000000000000000000000000000000000000000000000000000000000000000000000000000000000000000000000000000000000000
QC
Q1 9999999999 9 99999999999999 999999 999 999999 9 999999999999999999999999999999999999999999999999999999999999
Q2 9999999999 9 99999999999999 999999 999 999999 9 999999999999999999999999999999999999999999999999999999999999
Q3 9999999999 9 99999999999999 999999 999 999999 9 999999999999999999999999999999999999999999999999999999999999=
M9108 20200305060000 312556 1203059 00050 999 000
TH 0876 0876 0558 0889 0502 1038 032 032 0559 046
RE 0000
WI 027 019 016 023 015 024 0557 026 030 007 058 0552 026 041
RT 0826 0780 0501 0828 0556 0836
VV 35000 34100 0512
RS ------ ----- ---- ---- ---- ---
WW ------------
MR 000000000000000000000000000000000000000000000000000000000000000000000000000000000000000000000000000000000000000000000000
QC
Q1 9999999999 9 99999999999999 999999 999 999999 9 999999999999999999999999999999999999999999999999999999999999
Q2 9999999999 9 99999999999999 999999 999 999999 9 999999999999999999999999999999999999999999999999999999999999
Q3 9999999999 9 99999999999999 999999 999 999999 9 999999999999999999999999999999999999999999999999999999999999=
M9208 20200305060000 320108 1204808 00070 999 000
TH 0901 0891 0546 0904 0558 1045 036 030 0505 044
RE 0000
WI 059 021 129 025 129 025 0600 032 010 117 044 0552 032 027
RT ---- ---- ---- ---- ---- ----
VV 35000 20839 0527
RS ------ ----- ---- ---- ---- ---
WW ------------
MR 000000000000000000000000000000000000000000000000000000000000000000000000000000000000000000000000000000000000000000000000
QC
Q1 9999999999 9 99999999999999 999999 999 999999 9 999999999999999999999999999999999999999999999999999999999999
Q2 9999999999 9 99999999999999 999999 999 999999 9 999999999999999999999999999999999999999999999999999999999999
Q3 9999999999 9 99999999999999 999999 999 999999 9 999999999999999999999999999999999999999999999999999999999999=
M9207 20200305060000 320220 1203521 00060 999 000
TH 0899 0895 0537 0908 0548 1036 038 033 0538 047
RE 0000
WI 285 013 165 019 071 037 0509 326 019 096 059 0520 326 026
RT ---- ---- ---- ---- ---- ----
VV 28610 23188 0546
RS ------ ----- ---- ---- ---- ---
WW ------------
MR 000000000000000000000000000000000000000000000000000000000000000000000000000000000000000000000000000000000000000000000000
QC
Q1 9999999999 9 99999999999999 999999 999 999999 9 999999999999999999999999999999999999999999999999999999999999
Q2 9999999999 9 99999999999999 999999 999 999999 9 999999999999999999999999999999999999999999999999999999999999
Q3 9999999999 9 99999999999999 999999 999 999999 9 999999999999999999999999999999999999999999999999999999999999=
M9012 20200305060000 313845 1184014 00300 999 000
TH 0875 0875 0600 0885 0522 1025 035 034 0554 051
RE 0000
WI 172 029 164 034 169 044 0532 173 047 164 083 0548 173 066
RT ---- ---- ---- ---- ---- ----
VV 21507 15935 0556
RS ------ ----- ---- ---- ---- ---
WW ------------
MR 000000000000000000000000000000000000000000000000000000000000000000000000000000000000000000000000000000000000000000000000
QC
Q1 9999999999 9 99999999999999 999999 999 999999 9 999999999999999999999999999999999999999999999999999999999999
Q2 9999999999 9 99999999999999 999999 999 999999 9 999999999999999999999999999999999999999999999999999999999999
Q3 9999999999 9 99999999999999 999999 999 999999 9 999999999999999999999999999999999999999999999999999999999999=
M9112 20200305060000 314224 1201240 00040 999 000
TH 0870 0870 0600 0885 0507 1025 034 032 0518 051
RE 0000
WI 266 014 011 019 057 023 0512 255 008 071 057 0506 255 027
RT 0749 0749 0551 0761 0501 0833
VV 05198 18672 0548
RS ------ ----- ---- ---- ---- ---
WW ------------
MR 000000000000000000000000000000000000000000000000000000000000000000000000000000000000000000000000000000000000000000000000
QC
Q1 9999999999 9 99999999999999 999999 999 999999 9 999999999999999999999999999999999999999999999999999999999999
Q2 9999999999 9 99999999999999 999999 999 999999 9 999999999999999999999999999999999999999999999999999999999999
Q3 9999999999 9 99999999999999 999999 999 999999 9 999999999999999999999999999999999999999999999999999999999999=
M9115 20200305060000 315003 1200006 00020 999 000
TH 0876 0873 0547 0891 0511 1047 030 029 0533 043
RE 0000
WI 154 030 120 019 140 027 0525 144 020 139 066 0519 144 040
RT 0717 0717 0555 0729 0511 0828
VV 17651 18142 0540
RS ------ ----- ---- ---- ---- ---
WW ------------
MR 000000000000000000000000000000000000000000000000000000000000000000000000000000000000000000000000000000000000000000000000
QC
Q1 9999999999 9 99999999999999 999999 999 999999 9 999999999999999999999999999999999999999999999999999999999999
Q2 9999999999 9 99999999999999 999999 999 999999 9 999999999999999999999999999999999999999999999999999999999999
Q3 9999999999 9 99999999999999 999999 999 999999 9 999999999999999999999999999999999999999999999999999999999999=
M9107 20200305060000 312107 1203432 00040 999 000
TH 0869 0869 0600 0882 0525 1055 027 027 0549 041
RE 0000
WI 339 026 343 022 354 024 0533 342 031 358 056 0530 342 046
RT 0836 0814 0533 0849 0501 0864
VV 65535 00000 0600
RS ------ ----- ---- ---- ---- ---
WW ------------
MR 000000000000000000000000000000000000000000000000000000000000000000000000000000000000000000000000000000000000000000000000
QC
Q1 9999999999 9 99999999999999 999999 999 999999 9 999999999999999999999999999999999999999999999999999999999999
Q2 9999999999 9 99999999999999 999999 999 999999 9 999999999999999999999999999999999999999999999999999999999999
Q3 9999999999 9 99999999999999 999999 999 999999 9 999999999999999999999999999999999999999999999999999999999999=
M9117 20200305060000 315533 1194715 00070 999 000
TH 0870 0870 0559 0885 0551 1025 034 033 0510 051
RE 0000
WI 028 023 198 014 092 022 0526 028 025 111 055 0549 028 034
RT 0796 0796 0600 0851 0501 0864
VV 18138 21223 0525
RS ------ ----- ---- ---- ---- ---
WW ------------
MR 000000000000000000000000000000000000000000000000000000000000000000000000000000000000000000000000000000000000000000000000
QC
Q1 9999999999 9 99999999999999 999999 999 999999 9 999999999999999999999999999999999999999999999999999999999999
Q2 9999999999 9 99999999999999 999999 999 999999 9 999999999999999999999999999999999999999999999999999999999999
Q3 9999999999 9 99999999999999 999999 999 999999 9 999999999999999999999999999999999999999999999999999999999999=
M9104 20200305060000 312108 1205058 00030 999 000
TH 0880 0874 0533 0885 0503 1042 032 028 0501 045
RE 0000
WI 218 010 051 016 303 024 0523 332 023 315 069 0544 332 023
RT 0856 0855 0501 0856 0514 0866
VV 31065 19618 0541
RS ------ ----- ---- ---- ---- ---
WW ------------
MR 000000000000000000000000000000000000000000000000000000000000000000000000000000000000000000000000000000000000000000000000
QC
Q1 9999999999 9 99999999999999 999999 999 999999 9 999999999999999999999999999999999999999999999999999999999999
Q2 9999999999 9 99999999999999 999999 999 999999 9 999999999999999999999999999999999999999999999999999999999999
Q3 9999999999 9 99999999999999 999999 999 999999 9 999999999999999999999999999999999999999999999999999999999999=
M9014 20200305060000 312608 1185404 00105 999 000
TH 0877 0874 0535 0886 0509 1012 039 037 0537 056
RE 0000
WI 144 032 148 030 149 039 0507 156 035 158 060 0501 156 054
RT ---- ---- ---- ---- ---- ----
VV 19091 14058 0525
RS ------ ----- ---- ---- ---- ---
WW ------------
MR 000000000000000000000000000000000000000000000000000000000000000000000000000000000000000000000000000000000000000000000000
QC
Q1 9999999999 9 99999999999999 999999 999 999999 9 999999999999999999999999999999999999999999999999999999999999
Q2 9999999999 9 99999999999999 999999 999 999999 9 999999999999999999999999999999999999999999999999999999999999
Q3 9999999999 9 99999999999999 999999 999 999999 9 999999999999999999999999999999999999999999999999999999999999=
M9013 20200305060000 311946 1184841 00055 999 000
TH 0869 0868 0540 0881 0501 1005 039 036 0541 059
RE 0000
WI 180 017 142 021 085 024 0501 188 020 073 049 0522 188 034
RT ---- ---- ---- ---- ---- ----
VV 18761 13296 0543
RS ------ ----- ---- ---- ---- ---
WW ------------
MR 000000000000000000000000000000000000000000000000000000000000000000000000000000000000000000000000000000000000000000000000
QC
Q1 9999999999 9 99999999999999 999999 999 999999 9 999999999999999999999999999999999999999999999999999999999999
Q2 9999999999 9 99999999999999 999999 999 999999 9 999999999999999999999999999999999999999999999999999999999999
Q3 9999999999 9 99999999999999 999999 999 999999 9 999999999999999999999999999999999999999999999999999999999999=
M9106 20200305060000 312051 1204004 00060 999 000
TH 0882 0878 0546 0891 0512 1039 033 032 0503 046
RE 0000
WI 316 019 315 021 316 022 0530 315 012 312 054 0501 315 025
RT 0821 0813 0501 0821 0557 0851
VV 35000 21298 0539
RS ------ ----- ---- ---- ---- ---
WW ------------
MR 000000000000000000000000000000000000000000000000000000000000000000000000000000000000000000000000000000000000000000000000
QC
Q1 9999999999 9 99999999999999 999999 999 999999 9 999999999999999999999999999999999999999999999999999999999999
Q2 9999999999 9 99999999999999 999999 999 999999 9 999999999999999999999999999999999999999999999999999999999999
Q3 9999999999 9 99999999999999 999999 999 999999 9 999999999999999999999999999999999999999999999999999999999999=
M9102 20200305060000 312156 1204800 00040 999 000
TH 0893 0890 0539 0902 0507 1034 037 035 0518 048
RE 0000
WI 010 025 346 030 335 031 0555 014 031 337 060 0515 014 038
RT 0717 0717 0558 0730 0501 0809
VV 65535 65535 0501
RS ------ ----- ---- ---- ---- ---
WW ------------
MR 000000000000000000000000000000000000000000000000000000000000000000000000000000000000000000000000000000000000000000000000
QC
Q1 9999999999 9 99999999999999 999999 999 999999 9 999999999999999999999999999999999999999999999999999999999999
Q2 9999999999 9 99999999999999 999999 999 999999 9 999999999999999999999999999999999999999999999999999999999999
Q3 9999999999 9 99999999999999 999999 999 999999 9 999999999999999999999999999999999999999999999999999999999999=
M9124 20200305060000 320335 1190433 00620 999 000
TH 0879 0877 0555 0893 0514 1033 034 033 0521 048
RE 0000
WI 101 030 091 025 142 028 0520 098 013 110 071 0513 098 039
RT 0829 0829 0600 0844 0501 0866
VV 25947 22191 0539
RS ------ ----- ---- ---- ---- ---
WW ------------
MR 000000000000000000000000000000000000000000000000000000000000000000000000000000000000000000000000000000000000000000000000
QC
Q1 9999999999 9 99999999999999 999999 999 999999 9 999999999999999999999999999999999999999999999999999999999999
Q2 9999999999 9 99999999999999 999999 999 999999 9 999999999999999999999999999999999999999999999999999999999999
Q3 9999999999 9 99999999999999 999999 999 999999 9 999999999999999999999999999999999999999999999999999999999999=
M9110 20200305060000 313550 1202216 00040 999 000
TH 0873 0870 0541 0887 0501 1036 032 032 0600 047
RE 0000
WI 113 023 035 021 024 026 0534 154 042 354 066 0527 154 042
RT 0765 0765 0558 0794 0501 0841
VV 65535 00000 0600
RS ------ ----- ---- ---- ---- ---
WW ------------
MR 000000000000000000000000000000000000000000000000000000000000000000000000000000000000000000000000000000000000000000000000
QC
Q1 9999999999 9 99999999999999 999999 999 999999 9 999999999999999999999999999999999999999999999999999999999999
Q2 9999999999 9 99999999999999 999999 999 999999 9 999999999999999999999999999999999999999999999999999999999999
Q3 9999999999 9 99999999999999 999999 999 999999 9 999999999999999999999999999999999999999999999999999999999999=
M9122 20200305060000 320232 1192215 00350 999 000
TH 0880 0873 0544 0889 0512 1030 035 033 0531 049
RE 0000
WI 189 016 125 018 091 023 0519 159 012 101 049 0535 159 034
RT 0837 0837 0557 0842 0501 0857
VV 18752 21683 0523
RS ------ ----- ---- ---- ---- ---
WW ------------
MR 000000000000000000000000000000000000000000000000000000000000000000000000000000000000000000000000000000000000000000000000
QC
Q1 9999999999 9 99999999999999 999999 999 999999 9 999999999999999999999999999999999999999999999999999999999999
Q2 9999999999 9 99999999999999 999999 999 999999 9 999999999999999999999999999999999999999999999999999999999999
Q3 9999999999 9 99999999999999 999999 999 999999 9 999999999999999999999999999999999999999999999999999999999999=
NNNN